$ANSIBLE_VAULT;1.1;AES256
32343332383338316135643635353733323933376461386137383138643263383039323530313839
3163666463386661636464643363323763386462373936360a613261306336303531653939363865
33663333316131373834363962336166653238626233316666363165353132366534326233666235
3336326133633238380a343032316231306466353731613639653634663238386135656362376233
39636563366132353165303134626661656161356565363230366630646165333662336637393534
61306564393166303363623861656635613438623263336661366633373336633463613136666430
30336163666433393733643061353966623061633163626262666334356335636636663132343161
66653862633737386631333435366337313333643262303035336233336132353734316661333534
61666434656231333534383564303831393534353938663663653639663865356533363265613963
38393339653535663734326632383937326437346565633534383436313138653764373164373535
31373861633637623333336338623366343433393533653837386661326136633231393837323235
39303436386463363235306162376430666231306530356231323537303130356636323830653965
34336334356339653763343530663537366661383834363539636432316235633639313632386137
61386264663236653132323933373761353039333037643338376435313230616136646663663737
31313461313538356330366465323965343036336131326264643264646330616362363864366662
66356163626662333036353136393166336637626264663231356265616363376463623232613535
64343933623334353831346465376333353662356364363265656264336430343938343865613232
31393761396166396233323133666366303964383739376136383832356337306630353031616231
37316139376639653530613438633464363538353633353633353135636364393034313761373537
61626131346466623332363662396262313338393232616234623464313834663866663565383938
64353036613530653639306261616237383539653236373938656533303934323231313263646562
31373364633433393662663866306234663039303730646237343735653466373832643338663535
37653761396137386139353633663432343762396632313635363632313032383231636633366135
64373164343134616331623135333966656235306265376566633335393762386134666632373437
65623864373338323638393162363439303137373763663830613634376534353332343135366464
64343630396136633634653531616432343665653162366536303532373139393037663536326235
37313162373533376562663163333462323538313930333865323962356161646634306665353739
32363138386238353165633365373839356266323262626430363663313662386232613433346464
32373839663064336331653637346634623464323263613065303036653431656536633961613362
61343562646431313465343962653037323638663736323530363738316634376662303233373863
39656133383730626365636538653264373934383764303565306430366435303462633665343366
33393965363635326538373038313561333563396165393939336434383030646535653930346237
35333434623732656532663462343832303539306530363931616636393037346536376465373033
34613061353433626466373530313465383339363831303436343930393763356437396264386233
30326539646634653435633063346465343230666238313237643430613831643434376530626532
31663031396138313530353965343462633130343736643766623165613461383037356136643936
64353963303234626364346136643335656365656632303663376138383539393664643839353438
36646132653964353932363131623037616165663532653664356236376431616238653934656431
35376632353739313761393335376130663535336261626465633335313634623738323931623137
66363434653930343536366633666632326439653363643564366265353563633239656263326462
31313138656636306331633330346564356130353565386235613534376164646136373764363637
37613439383735393566386664626538363334613330613638626364636666366565613461376430
64306337643430386663333162353231303165363964386333323130393565313763633063646435
63656565356134663565643032643666616465626435333061363639623637656363303238613531
66323734383639653339326164393036646364356330336664366433363365363264626237356164
34653939653962656466653862643637303936393138626439393262633064363232306261633336
37376262643165353362363638633731323366613863396530353539623437316266666366393537
38356630653738376466393630616231643532306138323431323830633230363533636166616161
35313430336134333332623031643030383263323838346562363163663366653732376135316532
34396532346436376661363139306430333833346163366266386264653036353730353531616663
65646432613936626637306365303033303034396439393261336630323765383464393032393434
30306338656636613831633033333265653363633735373238643063323065656235393334356530
33323239353030656433656162656233313639303464323835316638646530383431323135613337
33373437376365666133626561393361616230633165613339643235373537633239363761343438
62343531636639613331643836666266373835666536366631303631346265646132326263373130
36373230393266366165303130326632613665383732306535323661383138623438393566303563
64633539313838356562656131633462633337616261666139333633343238666337653433653631
63326435326533646136376637393936383536303539353661313032646631323532666561623631
36383361626264393330636136643065323637633334336633303130636336366464353565393364
65633866643730616265393566626337663835646264373061333932666530646566323538323239
37633362356265616366663933376531383435666137383631313336353364303265383733336230
36616366323764643830383061613332636661636163316539643235333932396162626130396436
31373065636163356462313234373630623733393064343239653937363337383566656162326639
66636563663832636466616230613730323037326165353564613761623639336639613363633132
65393635373337363932333838343465393533353532363433393461636566333964393165326437
33643064353563303335663133616235613135663935396330303965343334633038363836653837
63313662663534383836356634663336366537396133613234366231613263303563663664316366
36623135386139376365326532646463383032373134633262366338636439383432653439643132
62353537303939646435616663363738303366623332653131653964643439343165623662663230
66656161646333653536623538396564626363313962376533663466396130323965633439633666
39656665643435323736333436316230663730613962633439376263633261636265373963633239
34623833323837343966323837396434373362343564343564326638653165663766396538663930
66653631343336333833653836316338643164613562663533323464613235666636663530386332
37303639633536376663376662653837623062623761643136643932303737343166323136373562
63346631643761323733373862363061363961326330616161626136646234653335376638373234
36363463303231623862373264363866616430313433616235306462663737316565633363363465
37666365616439373864663463616363313235383231386236366630636437623861306637343737
35343032663330663963316166343237643432353232643033323339373739636165613937383535
65366662303339326638613136356333393439346465623132343637633434376438353438316633
63383865343264613132356264363137613331363737643764306331356164353566346637343937
37323861313737336532613331326534376437616465366135636436393336356431633439666338
38323766356336396136323435323237383335366332626433373665623663333339633537313165
35383032353230623133333834303763323636373537303538613838343636343965336438623134
39303435333865623537623534363331653634346330396363353062626638303731653833643738
37336166633563396134376234353437363161613861633763333530356431363166623566613635
64363065343961643535303234623634343365653233333034396134336564386363383363393039
62636634646235316237636331653865613831396466626262333638643836383163323637646263
65333132366465306362386231623733383264366130633764646166626263633438626234373636
39356437653061393765313736663866313665313331356462333233366239656462646463393865
33306162326236323466323837356666333566633932306631323538643230316238396230333731
30363534383037313365343737336164356132613034303635613566316632663363653731633631
61613535653064616666613131333662643734326339666135363235343662643261653931326336
65343433623962306236303235386634363665303333386165613466313633656137316230393234
61656264346131363064393961346637336232363038383561323037663831356461613535383366
37643862363833316563613764623934643539396637363338663634623262316535376537653034
33366237306632656561313736613763623764663330616130666364666363613862616631656165
31303933336565393036656537313438356563353532623737363139333739346534396533323433
63643839663361666339346534303632323264343464613563323366323064336237646131633037
33373537336132353734616362653261326163653735366666306564653964646531656235633332
36633739306537343230323139306236306433303731333437386332613235653663363631636533
64613435373464353631646634396463363233343330383532633265316132353331633634363437
63396432376633633264666361313263326435373765366461643031383838663730333062323437
65333339636563616663366263643631303664663161313361636665343438373230306631316463
64373465356263373530373365353334623832646339373730326336643831656464303338333166
66333661393330323363386339663362336163613239633239383263323137623836643663366366
62633263323562633838383963653061383561333332643866336133633665633964353030396261
35656333643566303063356566643838623138633732656337623261646232356537333061313232
66613864366363373535353631373364303163393465346462396536656563393463386633366237
63613038643736373162346533646531333937336436323335393331303031383531633764306563
39343865363336666137396530646636663737336264626364373132383933323138343335626136
36343938626434333233333735333162616565333065623830373135653333383832313539323737
66333962303531383334363238323031613665336663316663616538333736333334616533376637
32323365633430376630656163363631656437336562633763326163623862633166663331326336
37366130376430333562373066383634396461383830616161383163666530643531313265373535
30633264613132386634353263303965613966626135306331316639373639306464636539303734
34376337363335623964363933616134383763643261303962666265393330653661366237633738
63303132363235336238616635373338663065363437326333336235666461313833623636303335
35386162313130643236326637636362313331306264346234363661363930653936343464346436
66383238333234353566643130316663396131363263613136633536393864393930366366613833
39343730653238316339646438316534326462353962623133323561356630373233353331353265
65393531393339383862373834366164373838366335623730376338326664316562383830363735
31363933623130363931306664313065666336366566613364396532303331366362646638363261
34343066383432323461376265336238316330613963326465663564336634373139613934303834
31303964653133303135643738303632393630303034626632663366313935373566336564376265
30646233373337383862373964636337333735303562613865366466363734656336653664633761
30313966616539653063646565336537306231383330333237616332383437373065373734633462
37326633313237373764373066393363613830623364323261353837356434316136636239343230
66636530623037343932396338666437646264343235633235396535313638316265346163393834
65323030346132323436393163666638376135646530613331646432316361653464313139646465
61663964623934353633666263623565383661343637373966343332646136383964643732363166
65303565613833346639663530386261353438363664363662626230336237366339313261376361
65653733626366636636666665623439313431386431636335643362373566613565373330326536
65363864616634623965366565653566626265666465633230636239656263303566393464666463
31376135333239623130356466396563373261316662393661333539616366326130613339626337
63366631633536333930633262636431333932326139343039666362663331613365623132366338
35636339373137626234633035313131346162613233373139633036666232363862653933643662
38306361333035633638666330616539343466323832303231346162393438343639393435623663
39346233306138623430663135386464393530663266333936633831353136363062333439313432
65346432613336643461623562313833363533323231646136333339333831313130656366636637
63666130656233383261643037623535323165653536336537613534633665323938303736326536
63383331626531633064353631653133636239356133616465393031306531633037313663323263
38373530346663636336343961643838353236326330653562353666356536373363326231316230
65333933646566663537393766336135636136633461393266643831313965656536656532326333
33653135623963396463643732643866356462643165643962353962653339346635613530333531
31653066313533303261616638313539616335316633353765393265353965336136643436333566
61613732653434613065383563633738663034336664386136326235323834343834326663376430
39613736636237663835613536333038346466333931313236623839373163333732363532356434
35343663636137643533646262633131636233373464333736386236636635353065656533356462
35336439303238646530306534653361613366623239643362393835333562353733313536633266
31333038313138376161323866393832343839346565613565356365353835313636653134613339
62643135396563653134316633626138383533356338633637626461383763633730653532356236
31346533336535376639303737626565343462666434393835663465386564613838386663656531
33623866616234623535663136663037663238396665323034393739386465303637363036383733
32373332353663363630663434343065613635666435636633383430306532626431663064303166
65653931353437373530633139323634613335343934636337663665643838626665356431366164
32363563353932323964346466623836646338343237633764396437393635646230313036656465
31613565303231323364643262313435666166663835663932393164646566313431663530643661
37626338393565316436386265623562363064663733383962303431613831323163643535663663
62373731623663356662323632656262616338383366643330623633333536626335636636666138
62303633353832303330393233396665323534303861376162323938386533316136366335353734
30636464376433633866386131393035613932386330366561646537353830643665323133393236
61396361643234346439316237663039383930653962306161666661616139386333616161653539
66393061336133386330343733333737343863363635333035383136343536303836616461313432
63636638633762316163616464303930663961356433323434383262353631643938306636656339
64333339626231613339633632343330356434323166616664306232303932613537373336633064
63613433333139333733383564363562616361636239373838666561383331623831383466623962
66666138313061636436316361346638613933363830643835353039323232616561323835356137
31306538633262343539343338316536326430303863376437303639636539373134333265323038
35313062633362313036613664366231393133353766396238303964646234386638386665356238
66396533333663303564326334643232323963636239383238316639336433333438323863353933
33333532366331323265393934623363366335303230623465326162386330383734376162666630
63636239653133616161636161613433306462356531393161396235616361366363313763363234
65633866336336313431313638353735313534636235386539623030623234636138663630373262
34636539633561623635343732623036663761383837383736353365633535323832393664383831
66633365303961386232356433306463316265646364666637396632643638633034313234616131
63636664316132333738323834376563653766633539323561663930356532343631366536306166
62313131323733373664636561313066353237646333376631383732346139383965356439353839
34636637623632663536626439623364383933663235616638666330373064393830623736396463
31343366316231396464376561346532323331386136613363306337366262306130353032326230
33643239656339623165613234646637346365643061383361356366616630393937646335373463
30326363366635393665663736626536326162356632386331623464323331363839663631653465
31656339623238313735366639336439663339393934396438333939373031356430316463353232
33656439643436623364363431306532323438383362386132663764386435303161383636393861
37343233326666623366353135663032343837303931363836363432613639363738376262316139
36363838663565353165663230386337326535306230646136623666646230396534613638633635
33666635306564396432643937396665363364313564613561343433386162366263393061303432
65393361376530656636353961383036626538663834643035643038663933653066633838346166
66393661376439613130393039636564643433396131333265333064303338313965643335303931
35333130336432383664383336326263613561613233653234623635353365613763326362626231
30623663323963633138616136333036313462373065613433326462333863383937656335316438
36623037313566626136663839383363353838383638323635326635396464646133376135316535
35336465633262346531646265656665613464323732393532616431353033393962336534633566
62366331633632383666333334356538613438303238646463616263333830383762333664366636
36343865636536303131646633376333666464643932343938383539623964386466303665633361
30366437643731313763663164613037643535336534626536353132303032666337313063376464
31383963646538386434373064383937383361656363366235646636376139636263663839623135
32316564623631343834633439366237396466613266376636343131333033613639393930656663
32306636626163656462386532663132356336333231353366633934383833393531343338663939
30396232386234316233303337316362333230343138653264363430636139366230366638363532
62663230373535323864303166346530333666386665366537636232353935333131383763376562
66343537666330383461383739353333343861656561383165376532623735356661366331623239
66616361666661346365353733376663313764663865643136376663326438363930373730623138
35613537383338626666306135633266353133323234643366356333333733623336356238633639
61616266333534323636616232363538386534363138643162323731343839613839316334323739
64366265343565316539393365346262623736633236663832383938343837373737633932343232
34323161373461353931643263336435343739653134653832313438613361613033363633656562
33376163653932653033316431346461656466373530333235386439636638393633346536353437
36316436373132626533376234623336333835663139613663393061663434393134343864363634
63363532663736623938666163393436383237356565383230316438313363356631373734333062
36636166336336666363643664363135383030623964393134663863353033616561356339396538
62363631363364626332363931303331613463373939663166353065346234323736613639623533
34663134663032316631646636303430373738396534643062333466366537663439316563343137
32616361353030646231366564623938656263663339636264613164303737653632316134376665
66343564343639633931333639656465373839333934633037333033346461653839316431366138
66313763303565613739633836303163613332393864636632363965633833656566396363656465
62336266666632373031326637643338396365376364383664666261666439373966626433373661
3462
